const unsigned ll e = 485640258977517337;

const unsigned ll d = 1071932892618686473;

const unsigned ll n = 1825339960270960339;

Matrix sidelen: 16 

adjustment: 1067702843945140807 

Matrix 1: [4400404, 4726196, 2926545, 4631677, 2231658, 3821381, 1984451, 4462073, 3064541, 5683479, 5285732, 2248325, 3203908, 4074003, 3697202, 4629690, 6123211, 4424567, 4610057, 4536773, 2610206, 5088943, 6389880, 4911132, 4887390, 5405458, 6026677, 3829588, 4487561, 5244269, 1980881, 4885405, 6141866, 4044379, 4636062, 3580375, 5139412, 4003155, 3206462, 3680855, 3610394, 2518986, 3464628, 3561770, 4899160, 4849979, 2582473, 2141026, 6695348, 767012, 2535258, 1903123, 4836443, 7109128, 3543296, 3500770, 2549875, 6374151, 7454528, 6260233, 6509629, 4484740, 4766692, 5446607, 3315545, 4841722, 6988645, 3556644, 6129021, 4771612, 6302939, 4138908, 1481437, 5199443, 3618498, 3031377, 4022674, 5374639, 4645397, 3216863, 4092085, 1496139, 6260171, 2768800, 4428361, 4704501, 4351467, 3727835, 4789474, 3474985, 5262664, 3084588, 1809134, 5799624, 4463091, 4111084, 4343878, 4095648, 4300248, 4407194, 3887695, 6262688, 4903211, 4046901, 2338954, 4105772, 3342589, 4745338, 3338077, 2708037, 4362465, 3513136, 5260350, 6746494, 2607096, 2098658, 5555090, 5393274, 3948524, 5575632, 4195042, 4030359, 5446628, 5017372, 3712854, 5101413, 2224001, 837627, 2592212, 2616786, 2548196, 5178604, 3646010, 6486871, 4966757, 6561943, 3652058, 2927758, 2801756, 4073732, 2244392, 3449499, 4767006, 2513102, 3821196, 2287183, 5156821, 3669852, 4319259, 6512689, 4008354, 3405262, 2239492, 2705114, 1558724, 5713088, 3800247, 4325270, 5557841, 1478055, 3347590, 4986930, 2581556, 5625767, 2064689, 2812312, 2914660, 2146969, 5438862, 4013310, 1413208, 1541062, 6723513, 5397379, 4264672, 3190240, 2268856, 5630325, 3216007, 4334189, 4863278, 6299125, 5088287, 555578, 2028085, 2938341, 2925704, 6865125, 6086284, 3748865, 2648582, 3049254, 6652584, 3674831, 5287360, 4350391, 3644161, 5340542, 1919165, 3888868, 4659187, 3263270, 5756465, 3980789, 2218616, 3174100, 3676319, 4509985, 2586937, 4411253, 2991741, 4903999, 3660966, 3382262, 5091269, 3672064, 1825287, 5282025, 4500498, 4923909, 5050342, 4914296, 5780490, 947382, 3583427, 4677508, 4400808, 3246091, 3442022, 3340417, 6433215, 4688272, 3685080, 3964448, 5176910, 3081106, 3658922, 3795878, 1249629, 3682802, 4499873, 4599824, 4989834, 4998718, 3984961, 3446682, 3619959, 4676598, 5077405, 4053253, 4768988, 4066532, 4264109, 5207741, 4832660, 5825570] 

Matrix 2: [4628898, 4930420, 5395773, 4901960, 1708876, 2762924, 4646227, 2347585, 3820588, 4625715, 4939748, 3917792, 5354667, 5062790, 5654320, 2999805, 2701863, 5202566, 4300835, 3314538, 3400294, 5391326, 4134339, 4497495, 2641503, 4207732, 6400342, 4337249, 3747345, 4305110, 2612651, 3899737, 2045885, 3180984, 3100225, 4085247, 1419590, 4095435, 3760894, 3289087, 3794500, 4832570, 4333013, 4640625, 1883933, 3756832, 4459274, 5474774, 4968082, 4310692, 1317956, 4637142, 7996445, 1594889, 4127533, 3350281, 4149086, 2940694, 5741464, 3716963, 3751099, 4732941, 3242751, 3902893, 1913066, 1610134, 6050576, 3501943, 4578048, 6532918, 5002574, 4250427, 6570113, 2853674, 3488055, 5330463, 2763215, 4246871, 4353353, 3244841, 1822525, 6091836, 1944533, 5918234, 1384461, 2818163, 3558979, 4360359, 2239452, 3608704, 2872212, 3373007, 2178808, 4397194, 4703709, 5398902, 1819937, 3137642, 6909971, 2466124, 3606113, 2389627, 4876378, 4628140, 5827862, 4801880, 3010041, 2982682, 5196520, 4506403, 3498031, 3867972, 3212970, 3361247, 2545117, 3397298, 2141015, 2161070, 4958994, 5858180, 4990439, 4838190, 1977437, 2640831, 3323409, 4280339, 4038923, 2923636, 2913447, 3002770, 4802054, 4361949, 5337544, 4676538, 3728259, 5563194, 4067967, 3569599, 5648248, 4555716, 4081782, 4636760, 4947197, 7650484, 7636228, 3623035, 4364655, 2384428, 4049537, 5363131, 3780888, 7718102, 3953496, 4411575, 1875603, 5143469, 4407510, 3150147, 6343624, 4594152, 2812856, 3930881, 3643278, 4612895, 4157023, 4505636, 4748156, 4289631, 4936753, 2233586, 3985772, 4515475, 3790470, 5203161, 3736516, 1728300, 4263053, 3737282, 4549148, 3617592, 2016600, 4001513, 3706078, 3827105, 4918431, 4236995, 4192615, 4982326, 2626320, 3736244, 4033936, 3861884, 3433467, 3957022, 3845128, 2750187, 6222898, 6952261, 2560328, 3542693, 5594352, 3543287, 3611570, 5562759, 3281382, 4168977, 4322391, 5922585, 4900828, 3782398, 4433256, 2692450, 5483301, 4908631, 3861782, 619585, 3838107, 5655573, 3760552, 3995166, 2085430, 4981131, 4831264, 5101120, 3671541, 3186694, 7579875, 3000230, 4717382, 3261503, 3622694, 2954314, 4987777, 3134793, 3015668, 3111397, 747540, 5314253, 3394888, 2339682, 4681671, 4092154, 4280511, 2783732, 3249862, 5354035, 1832714, 3659290, 6403984, 4809730, 3651600, 6301254, 5562986, 3448615, 5105987, 5600754] 

